051807|7123
051807|7133
051807|7157
051807|7081
051807|7085
051807|7142
051807|7116
051807|7123
051807|7023
051807|7142
051807|7004
051807|7004
051807|7004
051807|7007
051807|7007
051807|7108
051807|7133
051807|7133
051807|7137
051807|7137
051807|7138
051807|7138
051807|7241
051807|7079
051807|7081
051807|7085
051807|7085
051807|7108
051807|7008
051807|7023
051807|7026
051807|7142
051807|7157
051807|7158
051807|7003
051807|7003
051807|7003
051807|7004
051807|7007
051807|7007
051807|7116
051807|7116
051807|7123
051807|7123
051807|7027
051807|7027
051807|7136
051807|7137
051807|7137
051807|7142
051807|7157
051807|7157
051807|7158
051807|7174
051807|7085
051807|7085
051807|7003
051807|7003
051807|7004
051807|7004
051807|7007
051807|7116
051807|7023
051807|7023
051807|7123
051807|7123
051807|7133
051807|7133
051807|7133
051807|7133
051807|7136
051807|7136
051807|7136
051807|7137
051807|7137
051807|7137
051807|7138
051807|7138
051807|7138
051807|7241
051807|7241
051807|7142
051807|7142
051807|7157
051807|7157
051807|7081
051807|7085
051807|7085
051807|7085
051807|7241
051807|7241
051807|7241
051807|7085
051807|7085
051807|7085
051807|7003
051807|7138
051807|7138
051807|7241
051807|7241
051807|7174
051807|7174
051807|7174
051807|7023
051807|7027
051807|7003
051807|7026
051807|7136
051807|7138
051807|7138
051807|7138
051807|7241
051807|7081
051807|7004
051807|7137
051807|7142
